[ 0.          0.          0.00404649  0.01385454  0.          0.
  0.01630267  0.          0.00634305  0.          0.          0.01559024
  0.          0.00667105  0.          0.00267312  0.          0.          0.
  0.          0.          0.          0.          0.04080395  0.          0.
  0.          0.          0.          0.0051262   0.37344766  0.
  0.00645176  0.07666575  0.29165825  0.          0.14036527  0.          0.
  0.          0.          0.          0.          0.          0.          0.
  0.          0.          0.          0.          0.          0.        ]
[ 0 50 26 27 28 31 35 37 38 39 40 41 42 43 44 45 46 47 48 49 24 22 25 51 12
 21  5 14  4  9  7 10 16 17 18 19 20  1 15  2 29  8 32 13  3 11  6 23 33 36
 34 30]
30